# Mahe
36, 10, 11, 4
36, 12, 13, 4
36, 14, 15, 4
# Scralings
37, 10, 18, 5
38, 12, 18, 5
39, 14, 18, 5
40, 10, 20, 5
41, 12, 20, 5
42, 14, 20, 5
43, 10, 22, 5
44, 12, 22, 5
45, 14, 22, 5
# Suv
46, 10, 25, 6
47, 12, 25, 6
48, 14, 25, 6
49, 10, 27, 6
50, 12, 27, 6
51, 14, 27, 6
52, 10, 29, 6
53, 12, 29, 6
54, 14, 29, 6
# Andrew Boudreau
# Arcade Express
0, 21, 35, 0
1, 23, 35, 0
2, 25, 35, 0
3, 21, 37, 0
4, 23, 37, 0
5, 25, 37, 0
6, 21, 39, 0
7, 23, 39, 0
8, 25, 39, 0
# Brian Sallee
 9,  6, 42, 1
10,  8, 42, 1
11, 10, 42, 1
12,  6, 44, 1
13,  8, 44, 1
14, 10, 44, 1
15,  6, 46, 1
16,  8, 46, 1
17, 10, 46, 1
# Christian Bailey
# Gelatt
27,  6, 49, 3
28,  8, 49, 3
29, 10, 49, 3
30,  6, 51, 3
31,  8, 51, 3
32, 10, 51, 3
33,  6, 53, 3
34,  8, 53, 3
35, 10, 53, 3
# Daniel Bauza
18, 21, 49, 2
19, 23, 49, 2
20, 25, 49, 2
21, 21, 51, 2
22, 23, 51, 2
23, 25, 51, 2
24, 21, 53, 2
25, 23, 53, 2
26, 25, 53, 2
# McMahon
61,  6, 56, 8
62,  8, 56, 8
63,  6, 58, 8
64,  8, 58, 8
65,  6, 60, 8
66,  8, 60, 8
# Sembiance
# Tomiyori
55,  6, 63, 7
56,  8, 63, 7
57,  6, 65, 7
58,  8, 65, 7
59,  6, 67, 7
60,  8, 67, 7
# Clemens
# JT
67, 16, 117, 9
68, 18, 117, 9
69, 20, 117, 9
70, 22, 117, 9
71, 24, 117, 9
72, 16, 119, 9
73, 18, 119, 9
74, 20, 119, 9
75, 22, 119, 9
76, 24, 119, 9
77, 16, 121, 9
78, 18, 121, 9
79, 20, 121, 9
80, 22, 121, 9
81, 24, 121, 9

# Table end marked by ID 255
255, 0,0,0